tweet_id,retweet,favorites
892420643555336193,6964,33674
892177421306343426,5269,29214
891815181378084864,3463,21963
891689557279858688,7190,36768
891327558926688256,7710,35161
891087950875897856,2583,17734
890971913173991426,1646,10324
890729181411237888,15670,56627
890609185150312448,3602,24406
890240255349198849,6064,27832
890006608113172480,6111,26926
889880896479866881,4138,24463
889665388333682689,8297,41849
889638837579907072,3696,23562
889531135344209921,1873,13306
889278841981685760,4415,22013
888917238123831296,3741,25522
888804989199671297,3510,22376
888554962724278272,2860,17241
888078434458587136,2884,19087
887705289381826560,4514,26510
887517139158093824,9803,40572
887473957103951883,14944,59945
887343217045368832,8772,29471
887101392804085760,4967,26887
886983233522544640,6282,30230
886736880519319552,2612,10457
886680336477933568,3717,19648
886366144734445568,2611,18478
886267009285017600,4,105
886258384151887873,5250,24434
886054160059072513,93,0
885984800019947520,5588,28473
885528943205470208,5305,31463
885518971528720385,3095,17939
885311592912609280,15351,0
885167619883638784,3650,19169
884925521741709313,14934,66969
884876753390489601,4639,24291
884562892145688576,3893,21216
884441805382717440,4774,23775
884247878851493888,16807,62954
884162670584377345,2493,17873
883838122936631299,2848,19076
883482846933004288,8217,40016
883360690899218434,3060,19864
883117836046086144,5510,32364
882992080364220416,3228,20900
882762694511734784,4072,24676
882627270321602560,5037,24512
882268110199369728,9575,39008
882045870035918850,4063,25611
881906580714921986,2837,21362
881666595344535552,8906,44347
881633300179243008,8,113
881536004380872706,13340,43266
881268444196462592,4478,20419
880935762899988482,2325,14987
880872448815771648,3191,18637
880465832366813184,5190,24913
880221127280381952,3444,23564
880095782870896641,3634,24222
879862464715927552,2912,19626
879674319642796034,9,281
879492040517615616,2617,20629
879415818425184262,37236,92436
879376492567855104,2633,14797
879130579576475649,5706,0
879050749262655488,3933,19733
879008229531029506,2230,16714
878776093423087618,3415,17076
878604707211726852,5893,26339
878404777348136964,1069,0
878316110768087041,5497,0
878281511006478336,1069,6754
878057613040115712,5706,37001
877736472329191424,15722,68996
877611172832227328,70,0
877556246731214848,3148,19823
877316821321428993,4319,24055
877201837425926144,4599,23778
876838120628539392,2792,18156
876537666061221889,3960,20985
876484053909872640,1988,16503
876120275196170240,3887,24597
875747767867523072,3563,22022
875144289856114688,4131,19356
875097192612077568,5091,24153
875021211251597312,3952,22477
874680097055178752,3904,24503
874434818259525634,12154,0
874296783580663808,3467,22869
874057562936811520,3366,20042
874012996292530176,8547,30009
873580283840344065,3332,21300
873337748698140672,1325,0
873213775632977920,1325,6300
872967104147763200,4544,23962
872820683541237760,3156,13026
872620804844003328,3057,18260
872486979161796608,7681,35971
872122724285648897,6798,30088
871879754684805121,9204,32946
871762521631449091,2956,17807
871515927908634625,2924,17842
871166179821445120,4876,0
871102520638267392,4648,18481
871032628920680449,3213,20085
870804317367881728,5265,29691
870726314365509632,3,105
870656317836468226,2190,10850
870374049280663552,22645,73671
870308999962521604,3532,19413
870063196459192321,7047,32301
869772420881756160,8656,37878
869702957897576449,5360,24953
869596645499047938,2625,14134
869227993411051520,3180,18075
868880397819494401,12192,57713
868639477480148993,1739,0
868622495443632128,4441,23552
868552278524837888,1739,8924
867900495410671616,3554,21511
867774946302451713,6226,30150
867421006826221569,2109,14290
867072653475098625,100,0
867051520902168576,6753,28596
866720684873056260,4113,17787
866686824827068416,2953,17056
866450705531457537,30040,108435
866334964761202691,12154,46400
866094527597207552,7132,0
865718153858494464,4812,22847
865359393868664832,4268,23499
865006731092295680,6631,24946
864873206498414592,7470,28731
864279568663928832,2568,13022
864197398364647424,7549,26534
863907417377173506,3575,18363
863553081350529029,3610,13620
863471782782697472,2083,0
863432100342583297,4540,21215
863427515083354112,80,1956
863079547188785154,949,7873
863062471531167744,2083,7495
862831371563274240,4441,17172
862722525377298433,3070,15279
862457590147678208,4229,18203
862096992088072192,19889,66025
861383897657036800,9223,32155
861288531465048066,3573,15293
861005113778896900,3318,14928
860981674716409858,1847,0
860924035999428608,675,0
860563773140209665,1847,6697
860524505164394496,4581,21177
860276583193509888,3055,16520
860184849394610176,5103,14950
860177593139703809,26591,0
859924526012018688,3570,17555
859851578198683649,3057,13940
859607811541651456,1359,16782
859196978902773760,26158,80255
859074603037188101,11915,30320
858860390427611136,7043,0
858843525470990336,3017,14077
858471635011153920,4238,19406
858107933456039936,2530,14179
857989990357356544,2258,14444
857746408056729600,9308,30690
857393404942143489,1436,5288
857263160327368704,3954,18192
857214891891077121,16,203
857062103051644929,146,0
857029823797047296,3470,16994
856543823941562368,2535,14784
856526610513747968,1650,10792
856288084350160898,15,489
856282028240666624,5562,25151
855862651834028034,21,302
855860136149123072,850,4393
855857698524602368,1853,10829
855851453814013952,16073,41798
855818117272018944,4795,24210
855459453768019968,7278,27013
855245323840757760,5244,0
855138241867124737,36,0
854732716440526848,5322,20614
854482394044301312,5994,26479
854365224396361728,4131,17140
854120357044912130,6569,29131
854010172552949760,2783,14793
853760880890318849,5102,25996
853639147608842240,8829,31425
853299958564483072,3159,14115
852936405516943360,1782,0
852912242202992640,1591,8222
852672615818899456,1902,13600
852553447878664193,3099,14839
852311364735569921,8836,30259
852226086759018497,6069,18296
852189679701164033,1414,10550
851591660324737024,3116,14917
851464819735769094,6288,22212
851224888060895234,5154,18975
850753642995093505,8050,28049
850380195714523136,2324,12037
850333567704068097,301,3183
850145622816686080,3382,15001
850019790995546112,4354,18718
849776966551130114,6793,27838
849668094696017920,4428,0
849412302885593088,2818,14630
849336543269576704,1683,10526
849051919805034497,7598,38889
848690551926992896,3913,23208
848324959059550208,4139,22767
848213670039564288,644,7526
848212111729840128,2711,14994
847978865427394560,2911,0
847971574464610304,394,0
847962785489326080,4559,21683
847842811428974592,1186,4997
847617282490613760,376,6452
847606175596138505,3074,17305
847251039262605312,3904,18915
847157206088847362,5241,18329
847116187444137987,2868,19823
846874817362120707,3539,18566
846514051647705089,10338,41053
846505985330044928,2752,13033
846153765933735936,8144,29002
846139713627017216,9139,28725
846042936437604353,2579,14766
845812042753855489,7838,26937
845677943972139009,4370,23376
845397057150107648,1616,7070
845306882940190720,4842,21552
845098359547420673,6920,0
844979544864018432,2306,12645
844973813909606400,2840,13894
844580511645339650,2805,15250
844223788422217728,1984,12662
843981021012017153,2694,14066
843856843873095681,4158,19892
843604394117681152,2474,15650
843235543001513987,5380,19909
842846295480000512,3310,14180
842765311967449089,1175,6278
842535590457499648,3164,16866
842163532590374912,5244,22672
842115215311396866,2752,12994
841833993020538882,13518,0
841680585030541313,7134,23978
841439858740625411,3301,11691
841320156043304961,5007,18365
841314665196081154,4220,14703
841077006473256960,4876,21285
840761248237133825,1617,0
840728873075638272,14561,0
840698636975636481,2,163
840696689258311684,889,11446
840632337062862849,1617,8401
840370681858686976,4169,15303
840268004936019968,5201,17830
839990271299457024,2063,12501
839549326359670784,7043,25510
839290600511926273,132,0
839239871831150596,5911,25172
838952994649550848,3653,18322
838921590096166913,1851,10392
838916489579200512,31,0
838831947270979586,9992,0
838561493054533637,1229,10217
838476387338051585,4329,20915
838201503651401729,9148,0
838150277551247360,301,1565
838085839343206401,1,134
838083903487373313,2831,16413
837820167694528512,7132,31749
837482249356513284,405,3595
837471256429613056,2058,11954
837110210464448512,2173,15039
836989968035819520,2107,11916
836753516572119041,4250,18070
836677758902222849,2019,11816
836648853927522308,505,0
836397794269200385,24989,0
836380477523124226,2744,13874
836260088725786625,3968,19899
836001077879255040,3877,17848
835685285446955009,7396,0
835574547218894849,3288,16601
835536468978302976,1539,0
835309094223372289,19092,0
835297930240217089,2733,15393
835264098648616962,1539,7206
835246439529840640,63,1987
835172783151792128,5283,24506
835152434251116546,2754,20896
834931633769889797,1486,10072
834786237630337024,5099,20168
834574053763584002,2303,12775
834477809192075265,9737,0
834458053273591808,1543,9010
834209720923721728,4314,19190
834167344700198914,3352,14804
834089966724603904,1960,9425
834086379323871233,2036,12204
833863086058651648,2201,12587
833826103416520705,3481,17036
833732339549220864,203,0
833722901757046785,2989,19628
833479644947025920,1883,13971
833124694597443584,4428,18936
832998151111966721,2006,12393
832769181346996225,38,0
832757312314028032,3312,15817
832682457690300417,2658,11102
832645525019123713,483,2725
832636094638288896,2552,14851
832397543355072512,2034,11212
832369877331693569,2911,16027
832273440279240704,2138,10624
832215909146226688,5697,0
832215726631055365,8555,0
832088576586297345,2,59
832040443403784192,8789,0
832032802820481025,4288,16720
831939777352105988,5639,22414
831926988323639298,34,319
831911600680497154,5954,25750
831670449226514432,1683,9763
831650051525054464,1782,6658
831552930092285952,2151,8433
831322785565769729,1436,8729
831315979191906304,1035,6158
831309418084069378,2256,11053
831262627380748289,1883,11122
830956169170665475,1373,7485
830583320585068544,15351,62199
830173239259324417,5223,0
830097400375152640,2682,9124
829878982036299777,4589,0
829861396166877184,1789,11482
829501995190984704,9737,29796
829449946868879360,1854,9840
829141528400556032,6740,22840
829011960981237760,15043,50122
828801551087042563,3150,0
828770345708580865,5378,23998
828708714936930305,10277,34130
828650029636317184,1232,8922
828409743546925057,1077,6026
828408677031882754,1182,7226
828381636999917570,2053,11820
828376505180889089,990,6969
828372645993398273,2717,11834
828361771580813312,165,2061
828046555563323392,2645,11020
828011680017821696,1981,9745
827933404142436356,4806,18774
827653905312006145,2787,14542
827600520311402496,863,7037
827324948884643840,2796,14896
827199976799354881,2052,9965
826958653328592898,4589,20244
826848821049180160,9299,33917
826615380357632002,3663,0
826598799820865537,229,4842
826598365270007810,2172,9413
826476773533745153,3878,17305
826240494070030336,2408,12491
826204788643753985,854,4579
826115272272650244,2851,14690
825876512159186944,1731,9888
825829644528148480,2322,11978
825535076884762624,16292,53789
825147591692263424,4165,17195
825120256414846976,1164,0
825026590719483904,1164,5885
824796380199809024,5075,0
824775126675836928,3257,14005
824663926340194305,1633,9909
824325613288833024,9848,11134
824297048279236611,3553,14169
824025158776213504,557,4566
823939628516474880,2522,10032
823719002937630720,10306,0
823699002998870016,2329,13156
823581115634085888,2433,12210
823333489516937216,22,662
823322678127919110,3699,14770
823269594223824897,9178,0
822975315408461824,3186,16313
822872901745569793,39718,123592
822859134160621569,2103,12404
822647212903690241,5931,0
822610361945911296,2719,13914
822489057087389700,5931,17046
822462944365645825,13072,26191
822244816520155136,9178,32991
822163064745328640,4349,0
821886076407029760,2130,10631
821813639212650496,3109,0
821765923262631936,1553,7886
821522889702862852,1625,7539
821421320206483457,5101,0
821407182352777218,3976,11055
821153421864615936,8,236
821149554670182400,1818,8083
821107785811234820,1961,9026
821044531881721856,2114,11894
820837357901512704,6210,0
820749716845686786,9148,29702
820690176645140481,2988,11552
820494788566847489,521,0
820446719150292993,2383,0
820314633777061888,521,3152
820078625395449857,5759,18556
820013781606658049,1077,0
819952236453363712,1077,5002
819924195358416896,4523,12190
819711362133872643,2851,12568
819588359383371776,1863,9126
819347104292290561,1115,6811
819238181065359361,376,2133
819227688460238848,6210,21719
819015337530290176,34391,0
819015331746349057,17712,0
819006400881917954,17712,42856
819004803107983360,34391,82358
818646164899774465,19349,0
818627210458333184,7030,21151
818614493328580609,2345,9267
818588835076603904,5665,0
818536468981415936,2261,10234
818307523543449600,7416,0
818259473185828864,2071,10375
818145370475810820,2358,11574
817908911860748288,736,4591
817827839487737858,24989,48395
817777686764523521,2512,10183
817536400337801217,2717,11075
817502432452313088,3131,0
817423860136083457,13518,31708
817415592588222464,884,5276
817181837579653120,7830,0
817171292965273600,1856,8275
817120970343411712,2403,11499
817056546584727552,1509,8104
816829038950027264,4370,0
816816676327063552,1884,9441
816697700272001025,2042,9207
816450570814898180,7416,28553
816336735214911488,1793,8142
816091915477250048,1976,8454
816062466425819140,941,0
816014286006976512,4857,0
815990720817401858,941,4674
815966073409433600,7830,21047
815745968457060357,3841,0
815736392542261248,2107,9269
815639385530101762,1547,7788
815390420867969024,3550,9793
814986499976527872,1183,7232
814638523311648768,2515,10650
814578408554463233,5435,0
814530161257443328,1732,8187
814153002265309185,8067,27134
813944609378369540,2942,0
813910438903693312,1724,8824
813812741911748608,12987,34492
813800681631023104,1639,7858
813217897535406080,6820,17608
813202720496779264,1699,8739
813187593374461952,4027,18745
813172488309972993,1799,8770
813157409116065792,2059,7349
813142292504645637,2236,8053
813130366689148928,417,4252
813127251579564032,2908,11172
813112105746448384,2553,9766
813096984823349248,3365,9993
813081950185472002,2584,9393
813066809284972545,1821,7520
813051746834595840,6816,19847
812781120811126785,1782,7127
812709060537683968,1347,6271
812503143955202048,1146,5719
812466873996607488,1795,7549
812372279581671427,3409,12884
811985624773361665,1304,6884
811744202451197953,1466,7130
811647686436880384,679,5294
811627233043480576,2833,12019
811386762094317568,5950,19784
810984652412424192,1323,5033
810896069567610880,1637,8492
810657578271330305,2457,10386
810284430598270976,10456,33165
810254108431155201,3150,13918
809920764300447744,3663,14729
809808892968534016,4553,0
809448704142938112,1360,6584
809220051211603969,5223,18796
809084759137812480,3279,12511
808838249661788160,2853,9609
808733504066486276,2027,7464
808501579447930884,2446,10712
808344865868283904,19349,40017
808134635716833280,5486,0
808106460588765185,2060,8360
808001312164028416,3294,11798
807621403335917568,3369,13794
807106840509214720,51373,111117
807059379405148160,6859,0
807010152071229440,3613,12421
806629075125202948,32193,70275
806620845233815552,5121,0
806576416489959424,1818,4648
806542213899489280,2207,9699
806242860592926720,10819,0
806219024703037440,1130,6115
805958939288408065,4986,0
805932879469572096,1793,7851
805826884734976000,1711,6214
805823200554876929,7424,0
805520635690676224,1547,5460
805487436403003392,2367,8310
805207613751304193,1620,7448
804738756058218496,3588,12924
804475857670639616,1881,5819
804413760345620481,2996,0
804026241225523202,14958,41891
803773340896923648,2575,9505
803692223237865472,6889,0
803638050916102144,3869,10333
803380650405482500,1761,7356
803321560782307329,4938,0
803276597545603072,2288,9496
802952499103731712,1865,8543
802624713319034886,2715,0
802600418706604034,1377,6742
802572683846291456,2346,8485
802323869084381190,5453,15292
802265048156610565,1286,6596
802239329049477120,2445,8615
802185808107208704,250,0
801958328846974976,1591,7342
801854953262350336,218,1719
801538201127157760,1945,7787
801285448605831168,770,5715
801167903437357056,5486,23086
801127390143516673,3688,0
801115127852503040,1980,7655
800859414831898624,90,644
800855607700029440,1511,0
800751577355128832,2612,10058
800513324630806528,2811,12445
800459316964663297,2052,9013
800443802682937345,4007,0
800388270626521089,2625,10565
800188575492947969,3677,0
800141422401830912,2383,14460
800018252395122689,12252,26791
799774291445383169,4346,0
799757965289017345,1996,7942
799422933579902976,1791,7663
799308762079035393,5055,0
799297110730567681,2548,9351
799063482566066176,2333,7668
798933969379225600,4136,12370
798925684722855936,1354,7142
798705661114773508,6180,0
798701998996647937,7195,0
798697898615730177,6063,0
798694562394996736,4623,0
798686750113755136,2170,0
798682547630837760,4412,0
798673117451325440,5200,0
798665375516884993,3663,0
798644042770751489,1735,0
798628517273620480,1856,0
798585098161549313,5247,0
798576900688019456,5452,0
798340744599797760,3129,0
798209839306514432,2418,9887
797971864723324932,2880,10910
797545162159308800,4597,13829
797236660651966464,6121,18858
797165961484890113,24,212
796904159865868288,8317,0
796865951799083009,1824,7282
796759840936919040,2816,11164
796563435802726400,6700,0
796484825502875648,1644,7164
796387464403357696,3871,10419
796177847564038144,13307,0
796149749086875649,13307,30380
796125600683540480,1679,4717
796116448414461957,2242,8606
796080075804475393,2155,7991
796031486298386433,3485,10227
795464331001561088,21850,46568
795400264262053889,2671,9467
795076730285391872,5075,15290
794983741416415232,3144,0
794926597468000259,2149,9646
794355576146903043,9615,0
794332329137291264,2525,9098
794205286408003585,3102,8742
793962221541933056,4553,15848
793845145112371200,1738,8738
793614319594401792,2913,0
793601777308463104,1509,7554
793500921481273345,2220,10082
793286476301799424,8555,23265
793271401113350145,2234,8228
793256262322548741,7755,18858
793241302385262592,3060,9945
793226087023144960,2701,9250
793210959003287553,2596,8448
793195938047070209,5251,14390
793180763617361921,1855,6539
793165685325201412,2617,8870
793150605191548928,1590,5830
793135492858580992,2343,6052
793120401413079041,3664,11971
792913359805018113,3696,13534
792883833364439040,3985,10665
792773781206999040,1566,6976
792394556390137856,3998,12662
792050063153438720,1661,6755
791821351946420224,19610,0
791784077045166082,8837,0
791780927877898241,3544,0
791774931465953280,20661,42584
791672322847637504,2913,11106
791406955684368384,3841,12450
791312159183634433,2356,8291
791026214425268224,3788,0
790987426131050500,1980,9276
790946055508652032,4370,15813
790723298204217344,2137,0
790698755171364864,1794,7772
790581949425475584,6614,19470
790337589677002753,1762,7400
790277117346975746,2942,11849
790227638568808452,3291,0
789986466051088384,2137,8773
789960241177853952,3806,0
789903600034189313,3868,9753
789628658055020548,1634,7056
789599242079838210,1785,6358
789530877013393408,3144,11045
789314372632018944,2127,8172
789280767834746880,4568,0
789268448748703744,2430,8623
789137962068021249,2596,9200
788908386943430656,11659,25978
788765914992902144,9615,25805
788552643979468800,6628,0
788412144018661376,4905,14654
788178268662984705,1966,6867
788150585577050112,1196,5776
788070120937619456,3199,0
788039637453406209,1216,5769
787810552592695296,2830,8122
787717603741622272,2574,9678
787397959788929025,2652,10293
787322443945877504,1621,7367
787111942498508800,6270,0
786963064373534720,7396,25176
786729988674449408,2264,0
786709082849828864,5697,17309
786664955043049472,2357,10008
786595970293370880,2899,8946
786363235746385920,3203,10242
786286427768250368,2633,7537
786233965241827333,4349,14354
786051337297522688,145,1348
786036967502913536,6473,0
785927819176054784,2972,10764
785872687017132033,1665,6315
785639753186217984,2098,7425
785533386513321988,1831,8547
785515384317313025,1156,5768
785264754247995392,1510,6883
785170936622350336,4471,11319
784826020293709826,2996,9544
784517518371221505,2354,8467
784431430411685888,1179,5428
784183165795655680,7424,18872
784057939640352768,10306,27974
783839966405230592,9992,28275
783821107061198850,1817,6946
783695101801398276,2980,9829
783466772167098368,2072,7939
783391753726550016,5068,15936
783347506784731136,5128,0
783334639985389568,10819,27365
783085703974514689,2016,7705
782969140009107456,6859,22720
782747134529531904,1312,7051
782722598790725632,4986,16219
782598640137187329,1764,7360
782305867769217024,5101,15654
782021823840026624,5697,0
781955203444699136,3123,10532
781661882474196992,2507,9840
781655249211752448,1047,3757
781524693396357120,5121,19507
781308096455073793,2373,6708
781251288990355457,1918,7888
781163403222056960,2572,9236
780931614150983680,6700,20420
780858289093574656,1854,6776
780800785462489090,1195,5173
780601303617732608,3109,11384
780543529827336192,1623,5932
780496263422808064,3405,0
780476555013349377,103,0
780459368902959104,998,4976
780192070812196864,2073,8185
780092040432480260,2120,0
780074436359819264,4553,11386
779834332596887552,6473,17676
779377524342161408,2872,8220
779124354206535695,16927,0
779056095788752897,4191,13839
778990705243029504,6625,18685
778774459159379968,9104,0
778764940568104960,337,819
778748913645780993,1203,6440
778650543019483137,1383,5404
778624900596654080,939,4330
778408200802557953,3990,12827
778396591732486144,11281,0
778383385161035776,1017,5488
778286810187399168,3048,9702
778039087836069888,2450,7956
778027034220126208,1487,6174
777953400541634568,3252,0
777885040357281792,1511,5979
777684233540206592,2715,10573
777641927919427584,3902,0
777621514455814149,2328,8190
777189768882946048,3968,13267
776819012571455488,12515,0
776813020089548800,1110,4597
776477788987613185,2546,8215
776249906839351296,8408,0
776218204058357768,14625,27976
776201521193218049,2327,8996
776113305656188928,4007,11067
776088319444877312,141,1710
775898661951791106,15447,0
775842724423557120,2452,11000
775733305207554048,3688,13026
775729183532220416,4261,12229
775364825476165632,2703,6922
775350846108426240,3612,9538
775085132600442880,4346,14578
774757898236878852,1649,8108
774639387460112384,1607,6342
774314403806253056,5055,20467
773985732834758656,3571,10122
773922284943896577,1614,6040
773704687002451968,1492,6220
773670353721753600,1219,5044
773547596996571136,5665,20747
773336787167145985,4644,0
773308824254029826,6920,21900
773247561583001600,2990,8852
773191612633579521,3786,9346
772877495989305348,3566,8021
772826264096874500,2199,7551
772615324260794368,3100,0
772581559778025472,1576,6083
772193107915964416,1284,5659
772152991789019136,1048,3577
772117678702071809,684,3536
772114945936949249,440,2574
772102971039580160,859,3761
771908950375665664,1746,6160
771770456517009408,3129,11240
771500966810099713,2411,7745
771380798096281600,4644,9873
771171053431250945,6860,0
771136648247640064,2699,8575
771102124360998913,1324,5846
771014301343748096,1533,6463
770787852854652928,1097,4603
770772759874076672,1318,4875
770655142660169732,1660,6899
770414278348247044,1918,5919
770293558247038976,1350,5834
770093767776997377,2798,0
770069151037685760,2115,7115
769940425801170949,8789,29168
769695466921623552,1556,6022
769335591808995329,7103,0
769212283578875904,1591,5069
768970937022709760,5971,13349
768909767477751808,2425,0
768855141948723200,819,3919
768609597686943744,1093,3841
768596291618299904,1184,4719
768554158521745409,5364,0
768473857036525572,3147,12731
768193404517830656,3252,10142
767884188863397888,1261,4454
767754930266464257,4938,14927
767500508068192258,2136,7019
767191397493538821,3452,11489
767122157629476866,2627,9516
766793450729734144,1248,4725
766714921925144576,345,2458
766693177336135680,727,3783
766423258543644672,1448,5613
766313316352462849,1723,6323
766078092750233600,2409,0
766069199026450432,769,3926
766008592277377025,456,3524
765719909049503744,1981,6780
765669560888528897,1127,4839
765395769549590528,3097,25026
765371061932261376,1994,6659
765222098633691136,3100,10883
764857477905154048,1641,6059
764259802650378240,1382,5620
763956972077010945,49,731
763837565564780549,3788,11716
763183847194451968,1349,5042
763167063695355904,2739,0
763103485927849985,2108,6899
762699858130116608,3291,11320
762471784394268675,5876,10484
762464539388485633,3806,9613
762316489655476224,1026,4494
762035686371364864,14219,29698
761976711479193600,1815,5023
761750502866649088,3569,0
761745352076779520,790,4002
761672994376806400,26591,46103
761599872357261312,1096,3870
761371037149827077,16574,0
761334018830917632,1332,4810
761292947749015552,997,4172
761227390836215808,1436,4979
761004547850530816,3199,10612
760893934457552897,885,3562
760656994973933572,1741,6158
760641137271070720,1185,4653
760539183865880579,3320,7051
760521673607086080,1278,3908
760290219849637889,10520,24990
760252756032651264,795,3691
760190180481531904,1642,5332
760153949710192640,29,0
759943073749200896,1924,5514
759846353224826880,1790,6264
759793422261743616,1756,5562
759557299618865152,1099,4382
759447681597108224,2264,7906
759446261539934208,454,1558
759197388317847553,1797,5681
759159934323924993,1064,0
759099523532779520,3802,13578
759047813560868866,1843,6052
758854675097526272,837,3313
758828659922702336,3537,10437
758740312047005698,1494,5360
758474966123810816,911,3545
758467244762497024,2023,4463
758405701903519748,1754,4858
758355060040593408,956,3142
758099635764359168,9104,17631
758041019896193024,338,2521
757741869644341248,3012,6387
757729163776290825,7175,0
757725642876129280,1108,4239
757611664640446465,1004,4279
757597904299253760,277,0
757596066325864448,953,4056
757400162377592832,6283,14099
757393109802180609,1574,5427
757354760399941633,1297,4192
756998049151549440,1827,5852
756939218950160384,1830,6188
756651752796094464,1190,4690
756526248105566208,3287,9679
756303284449767430,1003,3676
756288534030475264,16240,41046
756275833623502848,1402,5956
755955933503782912,2611,6807
755206590534418437,4885,15253
755110668769038337,10146,19654
754874841593970688,7210,0
754856583969079297,2305,6423
754747087846248448,476,2407
754482103782404096,1785,4912
754449512966619136,671,3493
754120377874386944,2154,7360
753655901052166144,1983,5432
753420520834629632,3223,7305
753398408988139520,1722,5333
753375668877008896,2120,7112
753298634498793472,5182,0
753294487569522689,955,3116
753039830821511168,19092,34476
753026973505581056,873,3641
752932432744185856,6270,11714
752917284578922496,1436,6486
752701944171524096,2603,0
752682090207055872,1453,5579
752660715232722944,1417,4062
752568224206688256,2077,5101
752519690950500352,3143,6824
752334515931054080,1006,3582
752309394570878976,14848,0
752173152931807232,1664,5524
751950017322246144,829,2840
751937170840121344,1193,4813
751830394383790080,1777,5418
751793661361422336,2606,5376
751598357617971201,2820,7384
751583847268179968,1001,4091
751538714308972544,1143,4697
751456908746354688,919,2996
751251247299190784,5367,11693
751205363882532864,1658,5882
751132876104687617,1178,4710
750868782890057730,1241,4437
750719632563142656,4568,12209
750506206503038976,1043,4121
750429297815552001,3902,12262
750383411068534784,1038,4256
750381685133418496,26,667
750147208377409536,873,2900
750132105863102464,1174,3354
750117059602808832,1204,4036
750101899009982464,771,2833
750086836815486976,490,2020
750071704093859840,3017,7226
750056684286914561,817,2947
750041628174217216,563,2948
750026558547456000,716,2519
750011400160841729,819,2995
749996283729883136,754,2819
749981277374128128,2268,4767
749774190421639168,1203,4339
749417653287129088,1504,5652
749403093750648834,489,2429
749395845976588288,3139,7931
749317047558017024,2037,5081
749075273010798592,1876,5345
749064354620928000,1400,4487
749036806121881602,728,2873
748977405889503236,3119,9988
748932637671223296,2052,5390
748705597323898880,871,2577
748699167502000129,1452,4396
748692773788876800,1222,3944
748575535303884801,1795,5612
748568946752774144,605,2037
748346686624440324,1119,4830
748337862848962560,3719,7024
748324050481647620,688,3439
748307329658011649,652,3431
748220828303695873,7078,13100
747963614829678593,1948,5357
747933425676525569,2343,6156
747885874273214464,875,2708
747844099428986880,672,2619
747816857231626240,1052,4489
747651430853525504,143,1271
747648653817413632,5297,11916
747600769478692864,520,2163
747594051852075008,944,3413
747512671126323200,1471,5103
747461612269887489,937,3578
747439450712596480,1747,5023
747242308580548608,2617,0
747219827526344708,1431,4873
747204161125646336,828,3116
747103485104099331,3609,8859
746906459439529985,269,2712
746872823977771008,1934,5547
746818907684614144,1590,4935
746790600704425984,1456,4506
746757706116112384,3544,8802
746726898085036033,1632,5617
746542875601690625,1739,4671
746521445350707200,898,0
746507379341139972,989,4333
746369468511756288,1481,5741
746131877086527488,1990,6367
746056683365994496,737,3314
745789745784041472,961,3650
745712589599014916,2115,6481
745433870967832576,2299,6518
745422732645535745,2189,7923
745314880350101504,2467,6579
745074613265149952,3171,7242
745057283344719872,2043,6735
744995568523612160,567,2733
744971049620602880,2431,7272
744709971296780288,1429,5204
744334592493166593,1923,6322
744234799360020481,70270,144150
744223424764059648,323,1530
743980027717509120,1001,3885
743895849529389061,875,3391
743835915802583040,1860,0
743609206067040256,1266,4151
743595368194129920,5929,16890
743545585370791937,857,3265
743510151680958465,3407,7395
743253157753532416,1114,3919
743222593470234624,1728,5716
743210557239623680,1233,3550
742534281772302336,3265,6531
742528092657332225,1790,4088
742465774154047488,3583,6727
742423170473463808,3405,9063
742385895052087300,1768,6270
742161199639494656,1239,3986
742150209887731712,1391,4693
741793263812808706,1381,4208
741743634094141440,2486,7528
741438259667034112,743,3405
741303864243200000,2906,8097
741099773336379392,5000,9180
741067306818797568,2798,8827
740995100998766593,2456,5804
740711788199743490,858,3138
740699697422163968,705,2646
740676976021798912,6180,16776
740373189193256964,12085,32460
740365076218183684,384,2241
740359016048689152,794,3040
740214038584557568,1777,6163
739979191639244800,5364,18443
739932936087216128,982,3742
739844404073074688,785,3513
739623569819336705,1235,3492
739606147276148736,1487,4972
739544079319588864,19171,36344
739485634323156992,2631,6574
739238157791694849,52593,106721
738891149612572673,6,89
738885046782832640,1041,3498
738883359779196928,718,3034
738537504001953792,1391,4686
738402415918125056,737,2998
738184450748633089,1104,3958
738166403467907072,3021,8042
738156290900254721,580,2273
737826014890496000,1601,4816
737800304142471168,3159,9229
737678689543020544,1190,4622
737445876994609152,4037,9411
737322739594330112,728,3314
737310737551491075,6716,13470
736736130620620800,1536,3860
736392552031657984,6628,16279
736365877722001409,1109,3651
736225175608430592,2531,7465
736010884653420544,2693,7217
735991953473572864,1031,3284
735648611367784448,1005,3722
735635087207878657,2135,5640
735274964362878976,4528,12011
735256018284875776,801,3052
735137028879360001,876,2867
734912297295085568,471,2536
734787690684657664,5737,11520
734776360183431168,487,2310
734559631394082816,353,1372
733828123016450049,714,3298
733822306246479872,921,3378
733482008106668032,850,2873
733460102733135873,1135,3862
733109485275860992,15447,49186
732732193018155009,481,2222
732726085725589504,794,3285
732585889486888962,712,3346
732375214819057664,2273,7411
732005617171337216,4857,13643
731285275100512256,899,3214
731156023742988288,1140,3540
730924654643314689,1780,5624
730573383004487680,1906,4450
730427201120833536,937,3194
730211855403241472,956,3481
730196704625098752,1699,4429
729854734790754305,1009,3707
729838605770891264,338,1598
729823566028484608,1122,3647
729463711119904772,2082,5304
729113531270991872,287,1734
728986383096946689,735,2883
728760639972315136,1535,4276
728751179681943552,614,2533
728653952833728512,944,3054
728409960103686147,1820,4489
728387165835677696,875,3415
728046963732717569,1079,3922
728035342121635841,1505,4149
728015554473250816,989,3780
727685679342333952,572,2715
727644517743104000,1583,5368
727524757080539137,1078,4095
727314416056803329,670,3060
727286334147182592,744,2816
727175381690781696,1237,3584
727155742655025152,1194,3313
726935089318363137,2196,6281
726887082820554753,1362,3524
726828223124897792,911,3297
726224900189511680,1041,4070
725842289046749185,2409,6509
725786712245440512,1239,3837
725729321944506368,1603,4785
725458796924002305,554,1299
724983749226668032,1164,3433
724771698126512129,566,2146
724405726123311104,1508,4857
724049859469295616,1615,3967
724046343203856385,512,2450
724004602748780546,1387,3827
723912936180330496,1122,3582
723688335806480385,2636,7025
723673163800948736,812,2786
723179728551723008,1685,4855
722974582966214656,1428,3754
722613351520608256,1492,4579
721503162398597120,1639,4209
721001180231503872,551,2340
720785406564900865,698,2858
720775346191278080,564,2249
720415127506415616,1354,3782
720389942216527872,2259,5854
720340705894408192,872,2620
720059472081784833,1015,3549
720043174954147842,1813,4563
719991154352222208,1589,4471
719704490224398336,1292,4171
719551379208073216,1707,4636
719367763014393856,685,2598
719339463458033665,1117,4085
719332531645071360,854,3175
718971898235854848,984,3197
718939241951195136,1580,4799
718631497683582976,7195,17296
718613305783398402,427,2251
718540630683709445,920,2241
718460005985447936,474,2499
718454725339934721,1373,4499
718246886998687744,446,1757
718234618122661888,912,3559
717841801130979328,542,2269
717790033953034240,983,2631
717537687239008257,1657,5299
717428917016076293,405,1474
717421804990701568,754,2882
717047459982213120,1733,5789
717009362452090881,866,2970
716802964044845056,1047,3956
716791146589110272,1455,7731
716730379797970944,395,1132
716447146686459905,5294,11958
716439118184652801,189,2189
716285507865542656,962,2550
716080869887381504,1701,6236
715928423106027520,792,2925
715758151270801409,1282,3408
715733265223708672,1523,4274
715704790270025728,511,2551
715696743237730304,1160,3603
715680795826982913,1440,3960
715360349751484417,1408,5028
715342466308784130,621,2787
715220193576927233,585,2205
715200624753819648,1679,4743
715009755312439296,1104,3809
714982300363173890,929,3421
714962719905021952,3828,6732
714957620017307648,1276,3803
714631576617938945,894,3008
714606013974974464,825,3332
714485234495041536,1006,2445
714258258790387713,666,2812
714251586676113411,757,3021
714214115368108032,796,2109
714141408463036416,1277,3994
713919462244790272,720,3035
713909862279876608,483,1742
713900603437621249,659,2609
713761197720473600,1237,4453
713411074226274305,1184,4086
713177543487135744,2586,6635
713175907180089344,1327,4076
712809025985978368,6063,17507
712717840512598017,4495,11296
712668654853337088,1096,3818
712438159032893441,1413,4896
712309440758808576,24,221
712097430750289920,930,3449
712092745624633345,809,2702
712085617388212225,434,3010
712065007010385924,567,2072
711998809858043904,120,0
711968124745228288,2086,7403
711743778164514816,906,2611
711732680602345472,3682,8062
711694788429553666,16574,30207
711652651650457602,819,3542
711363825979756544,1015,3314
711306686208872448,676,3041
711008018775851008,558,2735
710997087345876993,1257,4205
710844581445812225,609,2347
710833117892898816,476,2465
710658690886586372,512,2134
710609963652087808,2150,4420
710588934686908417,1696,4170
710296729921429505,668,2197
710283270106132480,478,1994
710272297844797440,1137,4140
710269109699739648,1012,2191
710153181850935296,808,2674
710140971284037632,799,2512
710117014656950272,1778,5022
709918798883774466,992,3221
709901256215666688,92,607
709852847387627521,1085,3224
709566166965075968,1070,3251
709556954897764353,974,3014
709519240576036864,219,1383
709449600415961088,517,2021
709409458133323776,616,2419
709225125749587968,520,2203
709207347839836162,5163,11394
709198395643068416,588,2265
709179584944730112,608,1850
709158332880297985,363,1874
709042156699303936,1474,4318
708853462201716736,592,1668
708845821941387268,801,2738
708834316713893888,448,1549
708810915978854401,6239,15195
708738143638450176,737,2533
708711088997666817,637,2333
708479650088034305,616,2339
708469915515297792,728,2847
708400866336894977,9035,14636
708356463048204288,1197,3297
708349470027751425,676,2185
708149363256774660,1411,3979
708130923141795840,783,3093
708119489313951744,896,2470
708109389455101952,500,1796
708026248782585858,1747,4059
707995814724026368,1012,2861
707983188426153984,2,45
707969809498152960,866,2481
707776935007539200,871,3006
707741517457260545,552,2284
707738799544082433,2195,3724
707693576495472641,915,3118
707629649552134146,781,2349
707610948723478529,5697,15558
707420581654872064,631,2067
707411934438625280,542,2111
707387676719185920,1143,3206
707377100785885184,974,3004
707315916783140866,576,2280
707297311098011648,707,2576
707059547140169728,619,2396
707038192327901184,716,2014
707021089608753152,1220,3724
707014260413456384,537,2108
706904523814649856,7103,13398
706901761596989440,521,1881
706681918348251136,889,3019
706644897839910912,981,2345
706593038911545345,580,1981
706538006853918722,1285,3181
706516534877929472,928,2870
706346369204748288,841,3162
706310011488698368,7116,19496
706291001778950144,434,1565
706265994973601792,847,2513
706169069255446529,2000,3576
706166467411222528,1443,4712
706153300320784384,343,1355
705975130514706432,660,2856
705970349788291072,794,2915
705898680587526145,494,2175
705786532653883392,466,1789
705591895322394625,1025,2901
705475953783398401,823,2732
705442520700944385,1455,4055
705428427625635840,1515,3499
705239209544720384,676,2766
705223444686888960,712,2368
705102439679201280,472,1955
705066031337840642,555,2008
704871453724954624,1014,3952
704859558691414016,475,2064
704847917308362754,1363,4687
704819833553219584,895,2441
704761120771465216,2617,6120
704499785726889984,900,2652
704491224099647488,71,688
704480331685040129,977,3142
704364645503647744,3224,7315
704347321748819968,312,1443
704134088924532736,410,1383
704113298707505153,519,1712
704054845121142784,841,2689
703774238772166656,404,1699
703769065844768768,1018,3009
703631701117943808,599,2356
703611486317502464,1378,3536
703425003149250560,1217,3493
703407252292673536,623,2254
703382836347330562,1024,3213
703356393781329922,344,1761
703268521220972544,494,1823
703079050210877440,2794,6796
703041949650034688,11281,24284
702932127499816960,650,2366
702899151802126337,410,1478
702684942141153280,963,2969
702671118226825216,506,2014
702598099714314240,3126,11304
702539513671897089,864,2635
702332542343577600,1382,2928
702321140488925184,948,3018
702276748847800320,694,2278
702217446468493312,1222,4380
701981390485725185,887,3149
701952816642965504,926,3534
701889187134500865,1254,3240
701805642395348998,1503,3107
701601587219795968,415,1923
701570477911896070,837,2574
701545186879471618,549,2447
701214700881756160,4623,11244
700890391244103680,509,2034
700864154249383937,555,2389
700847567345688576,449,2267
700796979434098688,855,2251
700747788515020802,8408,20970
700518061187723268,720,2388
700505138482569216,521,2100
700462010979500032,1622,3776
700167517596164096,652,2425
700151421916807169,607,2050
700143752053182464,2425,6902
700062718104104960,611,2444
700029284593901568,528,1912
700002074055016451,1197,3023
699801817392291840,846,2772
699788877217865730,469,2054
699779630832685056,1103,2499
699775878809702401,537,1801
699691744225525762,4146,9432
699446877801091073,2392,5496
699434518667751424,464,2024
699423671849451520,287,1250
699413908797464576,569,1928
699370870310113280,391,1748
699323444782047232,783,2888
699088579889332224,561,2079
699079609774645248,570,2254
699072405256409088,1075,2708
699060279947165696,1612,3418
699036661657767936,1088,2393
698989035503689728,875,3073
698953797952008193,824,2478
698907974262222848,553,2333
698710712454139905,616,2261
698703483621523456,334,1322
698635131305795584,311,1198
698549713696649216,558,2148
698355670425473025,394,1700
698342080612007937,868,2072
698262614669991936,1791,4389
698195409219559425,5435,15481
698178924120031232,674,2583
697995514407682048,305,1409
697990423684476929,1167,3010
697943111201378304,611,2195
697881462549430272,1053,2773
697630435728322560,497,1597
697616773278015490,921,2888
697596423848730625,1131,2765
697575480820686848,451,1881
697516214579523584,988,1870
697482927769255936,597,2230
697463031882764288,1267,3159
697270446429966336,1711,4337
697259378236399616,899,3033
697255105972801536,1052,2843
697242256848379904,615,2323
696900204696625153,933,2911
696894894812565505,615,2166
696886256886657024,1623,4438
696877980375769088,636,2256
696754882863349760,328,1369
696744641916489729,833,1889
696713835009417216,583,2169
696518437233913856,1561,3624
696490539101908992,127,1133
696488710901260288,925,2304
696405997980676096,1050,2920
696100768806522880,584,1770
695816827381944320,1051,2754
695794761660297217,705,2914
695767669421768709,664,1705
695629776980148225,1889,4182
695446424020918272,1649,4084
695409464418041856,3233,7968
695314793360662529,1293,3325
695095422348574720,549,2450
695074328191332352,989,2600
695064344191721472,527,1475
695051054296211456,715,2429
694925794720792577,817,2489
694905863685980160,832,2531
694669722378485760,13040,32926
694356675654983680,250,1387
694352839993344000,538,1877
694342028726001664,431,1458
694329668942569472,449,1819
694206574471057408,1845,3807
694183373896572928,842,2702
694001791655137281,923,3134
693993230313091072,357,1729
693942351086120961,327,1619
693647888581312512,517,2471
693644216740769793,115,1265
693642232151285760,376,2347
693629975228977152,719,2255
693622659251335168,336,1416
693590843962331137,1774,4647
693582294167244802,222,1514
693486665285931008,565,1623
693280720173801472,1120,3082
693267061318012928,731,2196
693262851218264065,452,2040
693231807727280129,669,2645
693155686491000832,2887,7254
693109034023534592,549,1558
693095443459342336,403,1697
692919143163629568,695,2495
692905862751522816,789,2232
692901601640583168,535,1611
692894228850999298,713,2077
692828166163931137,795,2654
692752401762250755,3293,6266
692568918515392513,1391,4024
692535307825213440,1230,2898
692530551048294401,368,1695
692423280028966913,197,1366
692417313023332352,3131,8633
692187005137076224,743,2332
692158366030913536,717,1969
692142790915014657,353,1510
692041934689402880,1130,3112
692017291282812928,868,2668
691820333922455552,1488,3642
691793053716221953,3817,7471
691756958957883396,884,2595
691675652215414786,459,1793
691483041324204033,500,2193
691459709405118465,1019,3718
691444869282295808,749,2431
691416866452082688,6889,17798
691321916024623104,598,2375
691096613310316544,792,2753
691090071332753408,305,1603
690989312272396288,2609,5433
690959652130045952,1112,3304
690938899477221376,1742,3765
690932576555528194,903,3021
690735892932222976,1148,3489
690728923253055490,465,1996
690690673629138944,744,2145
690649993829576704,247,1199
690607260360429569,14,279
690597161306841088,546,1779
690400367696297985,406,1741
690374419777196032,759,2964
690360449368465409,789,2442
690348396616552449,461,1365
690248561355657216,369,1538
690021994562220032,918,2575
690015576308211712,658,2294
690005060500217858,1533,3377
689999384604450816,328,1303
689993469801164801,404,1347
689977555533848577,406,1262
689905486972461056,620,2253
689877686181715968,1040,2788
689835978131935233,688,2012
689661964914655233,850,2993
689659372465688576,3461,9505
689623661272240129,579,2038
689599056876867584,5005,10728
689557536375177216,403,1896
689517482558820352,1293,3118
689289219123089408,845,2065
689283819090870273,1002,3006
689280876073582592,638,1820
689275259254616065,225,1050
689255633275777024,971,2342
689154315265683456,895,2854
689143371370250240,454,1863
688916208532455424,772,2492
688908934925697024,706,1939
688898160958271489,710,1920
688894073864884227,618,2056
688828561667567616,321,1274
688804835492233216,168,885
688789766343622656,604,2045
688547210804498433,626,2392
688519176466644993,657,2145
688385280030670848,4073,8507
688211956440801280,751,2073
688179443353796608,527,1977
688116655151435777,696,2604
688064179421470721,321,1592
687841446767013888,2244,5005
687826841265172480,1006,2511
687818504314159109,861,2276
687807801670897665,656,2197
687732144991551489,594,1612
687704180304273409,764,2236
687664829264453632,469,1800
687494652870668288,527,1754
687480748861947905,221,1471
687476254459715584,480,1824
687460506001633280,490,1906
687399393394311168,550,1742
687317306314240000,8317,18605
687312378585812992,1726,3997
687127927494963200,2044,4960
687124485711986689,460,2015
687109925361856513,2224,5344
687102708889812993,869,2167
687096057537363968,551,2072
686947101016735744,2899,7968
686760001961103360,1254,3232
686749460672679938,1313,3192
686730991906516992,1087,3791
686683045143953408,728,2603
686618349602762752,1236,3401
686606069955735556,490,1747
686394059078897668,630,1586
686386521809772549,791,3002
686377065986265092,514,2044
686358356425093120,596,1992
686286779679375361,1519,3703
686050296934563840,665,2065
686035780142297088,103,1058
686034024800862208,1034,2831
686007916130873345,363,2273
686003207160610816,562,1676
685973236358713344,477,1933
685943807276412928,532,1494
685906723014619143,2580,6881
685681090388975616,110,1884
685667379192414208,506,2179
685663452032069632,1329,2967
685641971164143616,693,2681
685547936038666240,14072,30287
685532292383666176,1043,2803
685325112850124800,3569,8658
685321586178670592,578,2438
685315239903100929,941,3020
685307451701334016,395,1920
685268753634967552,1070,2831
685198997565345792,588,2135
685169283572338688,1272,3773
684969860808454144,326,2215
684959798585110529,2804,6277
684940049151070208,944,2959
684926975086034944,417,3207
684914660081053696,1320,3209
684902183876321280,463,1716
684880619965411328,722,1919
684830982659280897,19610,32263
684800227459624960,899,2511
684594889858887680,3163,8160
684588130326986752,1273,3800
684567543613382656,1101,2751
684538444857667585,852,2429
684481074559381504,1069,3554
684460069371654144,502,1811
684241637099323392,2937,7461
684225744407494656,183,1136
684222868335505415,1236,3503
684200372118904832,943,1978
684195085588783105,452,1757
684188786104872960,1045,3213
684177701129875456,591,1861
684147889187209216,1366,2732
684122891630342144,425,1857
684097758874210310,1293,3777
683857920510050305,1017,3506
683852578183077888,315,1786
683849932751646720,849,2402
683834909291606017,1017,2406
683828599284170753,969,2578
683773439333797890,1217,3064
683742671509258241,2990,5955
683515932363329536,2603,6766
683498322573824003,872,2924
683481228088049664,901,2442
683462770029932544,620,2237
683449695444799489,1453,3570
683391852557561860,2170,7024
683357973142474752,822,2657
683142553609318400,931,2639
683111407806746624,814,3132
683098815881154561,587,1991
683078886620553216,517,1852
683030066213818368,666,1994
682962037429899265,14812,33673
682808988178739200,154,1626
682788441537560576,1016,2276
682750546109968385,398,1397
682697186228989953,333,1210
682662431982772225,986,2806
682638830361513985,533,1899
682429480204398592,1042,3172
682406705142087680,1584,6945
682393905736888321,595,2060
682389078323662849,423,1534
682303737705140231,882,2811
682259524040966145,1077,3796
682242692827447297,1036,2956
682088079302213632,8837,16734
682059653698686977,1522,4528
682047327939461121,845,2940
682032003584274432,1787,6041
682003177596559360,1364,2849
681981167097122816,914,2587
681891461017812993,744,2267
681694085539872773,3677,11779
681679526984871937,399,1626
681654059175129088,819,2411
681610798867845120,416,1725
681579835668455424,1173,3241
681523177663676416,5182,13121
681340665377193984,246,1516
681339448655802368,3691,8539
681320187870711809,671,2402
681302363064414209,1617,3587
681297372102656000,850,2950
681281657291280384,992,2954
681261549936340994,235,1331
681242418453299201,469,1352
681231109724700672,435,2230
681193455364796417,1332,3400
680970795137544192,582,2203
680959110691590145,1816,4203
680940246314430465,933,2919
680934982542561280,391,1905
680913438424612864,562,2206
680889648562991104,323,1611
680836378243002368,1181,3174
680805554198020098,607,1969
680801747103793152,739,2180
680798457301471234,937,2598
680609293079592961,622,2405
680583894916304897,1186,3293
680497766108381184,1728,3876
680494726643068929,438,1569
680473011644985345,668,2338
680440374763077632,438,1318
680221482581123072,260,1355
680206703334408192,1039,2576
680191257256136705,440,1971
680176173301628928,1389,3546
680161097740095489,669,2134
680145970311643136,1553,3306
680130881361686529,853,2107
680115823365742593,821,2488
680100725817409536,1243,3291
680085611152338944,8109,11697
680070545539371008,771,2379
679877062409191424,575,1784
679872969355714560,595,2010
679862121895714818,553,2243
679854723806179328,1096,2604
679844490799091713,684,2179
679828447187857408,12515,33018
679777920601223168,991,2848
679736210798047232,713,1906
679729593985699840,746,1986
679722016581222400,424,1532
679530280114372609,1876,4355
679527802031484928,647,2417
679511351870550016,1143,3059
679503373272485890,1330,2898
679475951516934144,578,1913
679462823135686656,16927,29280
679405845277462528,1070,2151
679158373988876288,7210,19353
679148763231985668,919,2546
679132435750195208,1034,2690
679111216690831360,2298,5408
679062614270468097,7175,15437
679047485189439488,585,2051
679001094530465792,1092,2587
678991772295516161,1014,2058
678969228704284672,407,1497
678800283649069056,816,2349
678798276842360832,1023,3157
678774928607469569,818,2566
678767140346941444,1221,3212
678764513869611008,413,1477
678755239630127104,2916,6461
678740035362037760,1484,3383
678708137298427904,2176,5111
678675843183484930,1311,2597
678643457146150913,359,1875
678446151570427904,1370,3647
678424312106393600,2261,4982
678410210315247616,1603,3816
678399652199309312,28450,73162
678396796259975168,373,1450
678389028614488064,380,1708
678380236862578688,821,2227
678341075375947776,471,1568
678334497360859136,222,1180
678278586130948096,5465,10383
678255464182861824,327,1445
678023323247357953,340,1739
678021115718029313,5602,12319
677961670166224897,1520,3127
677918531514703872,364,1214
677895101218201600,1835,4379
677716515794329600,874,2780
677700003327029250,1284,3098
677698403548192770,286,1116
677687604918272002,751,2251
677673981332312066,1341,3025
677662372920729601,840,1769
677644091929329666,725,1704
677573743309385728,597,1929
677565715327688705,409,1188
677557565589463040,1011,2210
677547928504967168,3282,6293
677530072887205888,204,964
677335745548390400,1545,2753
677334615166730240,249,1222
677331501395156992,207,986
677328882937298944,1337,3323
677314812125323265,469,1492
677301033169788928,354,1110
677269281705472000,636,1793
677228873407442944,1459,3196
677187300187611136,807,2476
676975532580409345,949,2520
676957860086095872,719,2017
676949632774234114,348,1176
676948236477857792,771,1950
676946864479084545,326,1573
676942428000112642,665,1868
676936541936185344,4412,11581
676916996760600576,1610,2685
676897532954456065,647,2048
676864501615042560,621,1884
676821958043033607,13714,20643
676819651066732545,598,1651
676811746707918848,379,1302
676776431406465024,1794,4503
676617503762681856,854,2608
676613908052996102,176,983
676606785097199616,386,1719
676603393314578432,339,1036
676593408224403456,1882,4118
676590572941893632,110,837
676588346097852417,696,2076
676582956622721024,251,1073
676575501977128964,984,2323
676533798876651520,487,1693
676496375194980353,469,1371
676470639084101634,4163,10542
676440007570247681,587,1559
676430933382295552,302,1262
676263575653122048,483,1886
676237365392908289,248,1087
676219687039057920,27633,70627
676215927814406144,516,1569
676191832485810177,915,2047
676146341966438401,584,1746
676121918416756736,1024,1959
676101918813499392,1047,2578
676098748976615425,1245,2669
676089483918516224,389,1178
675898130735476737,506,1440
675891555769696257,761,1918
675888385639251968,839,2114
675878199931371520,1236,3776
675870721063669760,496,1463
675853064436391936,1132,2418
675849018447167488,123,863
675845657354215424,774,2041
675822767435051008,474,1383
675820929667219457,206,954
675798442703122432,3039,9291
675781562965868544,418,1452
675740360753160193,295,1055
675710890956750848,716,1681
675707330206547968,596,1784
675706639471788032,85,583
675534494439489536,361,1661
675531475945709568,329,1064
675522403582218240,249,936
675517828909424640,407,1147
675501075957489664,5200,15502
675497103322386432,1130,2814
675489971617296384,526,1148
675483430902214656,852,1657
675432746517426176,501,1356
675372240448454658,452,1523
675362609739206656,192,940
675354435921575936,14848,29368
675349384339542016,1996,3521
675334060156301312,1127,2480
675166823650848770,1380,3164
675153376133427200,2255,5575
675149409102012420,1496,3341
675147105808306176,197,841
675146535592706048,254,1050
675145476954566656,778,1911
675135153782571009,410,1160
675113801096802304,686,1731
675111688094527488,213,867
675109292475830276,995,2513
675047298674663426,274,924
675015141583413248,1033,2404
675006312288268288,200,872
675003128568291329,406,1387
674999807681908736,951,1989
674805413498527744,315,757
674800520222154752,745,2689
674793399141146624,950,2218
674790488185167872,216,981
674788554665512960,181,718
674781762103414784,1042,1802
674774481756377088,407,980
674767892831932416,689,1623
674764817387900928,200,699
674754018082705410,382,1227
674752233200820224,399,1307
674743008475090944,463,1258
674742531037511680,44,430
674739953134403584,326,965
674737130913071104,80,580
674690135443775488,411,1022
674670581682434048,565,1443
674664755118911488,204,809
674646392044941312,429,1279
674644256330530816,239,925
674638615994089473,509,1511
674632714662858753,500,1338
674606911342424069,86,838
674468880899788800,1773,5543
674447403907457024,314,954
674436901579923456,344,986
674422304705744896,464,1280
674416750885273600,114,608
674410619106390016,400,1067
674394782723014656,487,1332
674372068062928900,280,765
674330906434379776,65,504
674318007229923329,449,1250
674307341513269249,6008,10105
674291837063053312,5128,13145
674271431610523648,642,1393
674269164442398721,202,823
674265582246694913,726,1457
674262580978937856,381,1176
674255168825880576,464,1298
674082852460433408,144,677
674075285688614912,245,887
674063288070742018,1904,5704
674053186244734976,1124,2944
674051556661161984,431,1288
674045139690631169,564,1266
674042553264685056,109,634
674038233588723717,366,976
674036086168010753,180,759
674024893172875264,1081,1577
674019345211760640,264,1010
674014384960745472,559,1384
674008982932058114,299,1083
673956914389192708,833,1741
673919437611909120,325,1054
673906403526995968,1427,2838
673887867907739649,220,839
673716320723169284,669,2775
673715861853720576,1804,3156
673711475735838725,264,938
673709992831262724,236,747
673708611235921920,253,948
673707060090052608,346,987
673705679337693185,358,1124
673700254269775872,500,1280
673697980713705472,1689,3500
673689733134946305,568,1536
673688752737402881,438,1124
673686845050527744,375,1273
673680198160809984,414,1227
673662677122719744,326,1122
673656262056419329,198,650
673636718965334016,307,993
673612854080196609,629,1423
673583129559498752,313,1061
673580926094458881,237,733
673576835670777856,486,1226
673363615379013632,266,929
673359818736984064,592,1285
673355879178194945,491,1337
673352124999274496,471,1492
673350198937153538,183,681
673345638550134785,1097,2223
673343217010679808,234,853
673342308415348736,492,1127
673320132811366400,6860,11921
673317986296586240,216,779
673295268553605120,2739,6704
673270968295534593,312,953
673240798075449344,614,1272
673213039743795200,724,1965
673148804208660480,547,1486
672997845381865473,629,1747
672995267319328768,251,843
672988786805112832,253,874
672984142909456390,469,1116
672980819271634944,887,1622
672975131468300288,775,1492
672970152493887488,302,836
672968025906282496,468,1180
672964561327235073,556,1258
672902681409806336,422,1229
672898206762672129,363,792
672884426393653248,723,1366
672877615439593473,299,906
672834301050937345,502,1151
672828477930868736,416,1107
672640509974827008,270,873
672622327801233409,419,1147
672614745925664768,510,1085
672609152938721280,338,967
672604026190569472,335,964
672594978741354496,528,1175
672591762242805761,284,840
672591271085670400,157,638
672538107540070400,316,899
672523490734551040,146,550
672488522314567680,371,988
672482722825261057,517,987
672481316919734272,110,637
672475084225949696,605,1292
672466075045466113,447,1193
672272411274932228,2921,5694
672267570918129665,535,1310
672264251789176834,285,1008
672256522047614977,1324,2506
672254177670729728,647,1270
672248013293752320,520,1526
672245253877968896,131,606
672239279297454080,275,804
672231046314901505,876,1618
672222792075620352,176,700
672205392827572224,1005,1974
672169685991993344,317,909
672160042234327040,303,764
672139350159835138,592,1536
672125275208069120,985,2108
672095186491711488,328,872
672082170312290304,318,836
672068090318987265,439,1131
671896809300709376,3663,7581
671891728106971137,479,1170
671882082306625538,1201,3089
671879137494245376,570,1242
671874878652489728,478,1104
671866342182637568,417,993
671855973984772097,371,791
671789708968640512,2990,6301
671768281401958400,433,1043
671763349865160704,770,1489
671744970634719232,659,1200
671743150407421952,200,672
671735591348891648,651,1282
671729906628341761,3786,7476
671561002136281088,6296,11351
671550332464455680,183,809
671547767500775424,496,1202
671544874165002241,888,1725
671542985629241344,483,966
671538301157904385,333,838
671536543010570240,343,1035
671533943490011136,493,897
671528761649688577,214,735
671520732782923777,454,1215
671518598289059840,250,829
671511350426865664,605,1419
671504605491109889,3112,6215
671497587707535361,386,823
671488513339211776,412,883
671486386088865792,172,509
671485057807351808,195,676
671390180817915904,650,1276
671362598324076544,257,972
671357843010908160,133,351
671355857343524864,104,418
671347597085433856,369,830
671186162933985280,176,637
671182547775299584,283,974
671166507850801152,301,778
671163268581498880,965,1455
671159727754231808,68,314
671154572044468225,186,624
671151324042559489,126,587
671147085991960577,191,581
671141549288370177,569,1018
671138694582165504,340,819
671134062904504320,162,652
671122204919246848,2180,3073
671115716440031232,669,1208
671109016219725825,377,1000
670995969505435648,241,965
670842764863651840,7548,21999
670840546554966016,165,522
670838202509447168,597,980
670833812859932673,109,382
670832455012716544,184,644
670826280409919488,3490,4860
670823764196741120,159,673
670822709593571328,83,543
670815497391357952,1312,2774
670811965569282048,230,981
670807719151067136,425,1051
670804601705242624,814,1730
670803562457407488,77,300
670797304698376195,202,658
670792680469889025,236,731
670789397210615808,210,582
670786190031921152,168,527
670783437142401025,330,721
670782429121134593,653,1344
670780561024270336,249,698
670778058496974848,62,297
670764103623966721,371,954
670755717859713024,87,392
670733412878163972,446,847
670727704916926465,312,734
670717338665226240,416,1048
670704688707301377,317,687
670691627984359425,208,516
670679630144274432,240,663
670676092097810432,35,214
670668383499735048,4298,9420
670474236058800128,629,1330
670468609693655041,77,314
670465786746662913,466,852
670452855871037440,174,489
670449342516494336,566,1072
670444955656130560,1735,6038
670442337873600512,175,579
670435821946826752,433,938
670434127938719744,559,1254
670433248821026816,100,295
670428280563085312,520,1226
670427002554466305,141,461
670421925039075328,549,1137
670420569653809152,265,537
670417414769758208,280,501
670411370698022913,765,1787
670408998013820928,187,485
670403879788544000,128,374
670385711116361728,172,488
670374371102445568,236,669
670361874861563904,55,288
670338931251150849,96,371
670319130621435904,1064,3460
670303360680108032,107,382
670290420111441920,249,623
670093938074779648,275,905
670086499208155136,217,618
670079681849372674,1055,1951
670073503555706880,677,1380
670069087419133954,205,550
670061506722140161,289,664
670055038660800512,279,592
670046952931721218,151,575
670040295598354432,96,655
670037189829525505,240,527
670003130994700288,77,294
669993076832759809,70,282
669972011175813120,132,392
669970042633789440,43,271
669942763794931712,131,443
669926384437997569,81,337
669923323644657664,50,202
669753178989142016,338,704
669749430875258880,55,227
669684865554620416,74,446
669683899023405056,93,337
669682095984410625,115,311
669680153564442624,241,580
669661792646373376,365,713
669625907762618368,1560,3107
669603084620980224,316,844
669597912108789760,131,447
669583744538451968,797,1315
669573570759163904,120,387
669571471778410496,877,1401
669567591774625800,45,201
669564461267722241,104,335
669393256313184256,62,313
669375718304980992,626,1168
669371483794317312,148,434
669367896104181761,129,405
669363888236994561,200,556
669359674819481600,103,330
669354382627049472,1087,2371
669353438988365824,225,563
669351434509529089,153,377
669328503091937280,363,904
669327207240699904,101,496
669324657376567296,182,439
669216679721873412,346,1052
669214165781868544,135,384
669203728096960512,406,885
669037058363662336,263,571
669015743032369152,322,648
669006782128353280,209,510
669000397445533696,5497,18623
668994913074286592,187,389
668992363537309700,292,657
668989615043424256,288,592
668988183816871936,389,796
668986018524233728,139,477
668981893510119424,257,478
668979806671884288,291,701
668975677807423489,495,1149
668967877119254528,18,127
668960084974809088,209,617
668955713004314625,63,240
668932921458302977,50,227
668902994700836864,87,276
668892474547511297,126,353
668872652652679168,267,475
668852170888998912,139,409
668826086256599040,112,382
668815180734689280,225,491
668779399630725120,323,627
668655139528511488,187,471
668645506898350081,457,770
668643542311546881,445,781
668641109086707712,464,943
668636665813057536,434,916
668633411083464705,1373,2453
668631377374486528,279,616
668627278264475648,96,281
668625577880875008,109,326
668623201287675904,651,1242
668620235289837568,35,180
668614819948453888,271,542
668587383441514497,918,1472
668567822092664832,46,206
668544745690562560,197,453
668542336805281792,181,403
668537837512433665,61,226
668528771708952576,188,401
668507509523615744,87,276
668496999348633600,114,357
668484198282485761,207,371
668480044826800133,127,394
668466899341221888,439,767
668297328638447616,255,555
668291999406125056,28,213
668286279830867968,116,436
668274247790391296,195,717
668268907921326080,205,483
668256321989451776,516,1148
668248472370458624,406,839
668237644992782336,2411,5420
668226093875376128,85,246
668221241640230912,168,452
668204964695683073,171,487
668190681446379520,171,574
668171859951755264,161,424
668154635664932864,272,438
668142349051129856,239,508
668113020489474048,207,580
667937095915278337,687,1109
667924896115245057,95,264
667915453470232577,46,184
667911425562669056,245,430
667902449697558528,333,754
667886921285246976,906,1644
667885044254572545,397,729
667878741721415682,100,347
667873844930215936,338,550
667866724293877760,898,2704
667861340749471744,69,222
667832474953625600,54,255
667806454573760512,416,926
667801013445750784,80,282
667793409583771648,286,605
667782464991965184,210,362
667773195014021121,44,203
667766675769573376,185,371
667728196545200128,126,323
667724302356258817,266,422
667550904950915073,28,0
667550882905632768,25,0
667549055577362432,1940,5084
667546741521195010,106,303
667544320556335104,456,759
667538891197542400,58,175
667534815156183040,442,715
667530908589760512,206,409
667524857454854144,963,1496
667517642048163840,165,331
667509364010450944,1856,6034
667502640335572993,193,484
667495797102141441,231,457
667491009379606528,189,456
667470559035432960,85,225
667455448082227200,53,171
667453023279554560,73,279
667443425659232256,486,681
667437278097252352,197,396
667435689202614272,76,267
667405339315146752,194,410
667393430834667520,50,168
667369227918143488,142,328
667211855547486208,209,425
667200525029539841,227,541
667192066997374976,86,332
667188689915760640,328,642
667182792070062081,5247,12494
667177989038297088,48,164
667176164155375616,385,525
667174963120574464,69,218
667171260800061440,71,186
667165590075940865,964,2374
667160273090932737,50,218
667152164079423490,14561,42116
667138269671505920,1860,3995
667119796878725120,105,284
667090893657276420,105,286
667073648344346624,103,351
667070482143944705,12,72
667065535570550784,40,143
667062181243039745,45,192
667044094246576128,43,162
667012601033924608,185,393
666996132027977728,78,213
666983947667116034,841,2236
666837028449972224,467,702
666835007768551424,65,183
666826780179869698,78,218
666817836334096384,209,441
666804364988780544,78,206
666786068205871104,408,656
666781792255496192,168,323
666776908487630848,148,303
666739327293083650,59,207
666701168228331520,181,371
666691418707132416,41,160
666649482315059201,522,992
666644823164719104,68,207
666454714377183233,179,446
666447344410484738,19,90
666437273139982337,40,106
666435652385423360,41,137
666430724426358785,159,276
666428276349472768,67,139
666421158376562688,90,272
666418789513326592,39,107
666411507551481857,261,371
666407126856765440,30,93
666396247373291520,68,147
666373753744588802,73,162
666362758909284353,465,648
666353288456101888,56,178
666345417576210432,121,242
666337882303524864,79,168
666293911632134144,288,424
666287406224695296,55,123
666273097616637952,66,151
666268910803644416,38,99
666104133288665088,5452,12838
666102155909144576,11,66
666099513787052032,53,134
666094000022159362,63,142
666082916733198337,37,92
666073100786774016,129,273
666071193221509120,50,127
666063827256086533,180,396
666058600524156928,47,99
666057090499244032,111,247
666055525042405380,196,366
666051853826850816,696,1023
666050758794694657,50,115
666049248165822465,36,88
666044226329800704,114,246
666033412701032449,36,100
666029285002620928,39,112
666020888022790149,419,2283
666020888022790149,419,2283
666020888022790149,419,2283
666020888022790149,419,2283
666020888022790149,419,2283
666020888022790149,419,2283
666020888022790149,419,2283
666020888022790149,419,2283
666020888022790149,419,2283
666020888022790149,419,2283
666020888022790149,419,2283
666020888022790149,419,2283
666020888022790149,419,2283
666020888022790149,419,2283
666020888022790149,419,2283
666020888022790149,419,2283
666020888022790149,419,2283
666020888022790149,419,2283
666020888022790149,419,2283
666020888022790149,419,2283
666020888022790149,419,2283
666020888022790149,419,2283
666020888022790149,419,2283
666020888022790149,419,2283
666020888022790149,419,2283
666020888022790149,419,2283
666020888022790149,419,2283
666020888022790149,419,2283
666020888022790149,419,2283
666020888022790149,419,2283
